translation: 
  x: -0.0460639849005
  y: 0.02830395155
  z: 0.0150360841392
rotation: 
  x: 0.00245872719276
  y: -0.0116551044236
  z: -0.706343056648
  w: 0.707769453654
